# Quad-mode coupling optics for WDM tile
voa_bits: 7
soa_pattern_alpha: 0.2
dwdm_slope_db_per_nm: 5.0
mode_mix_matrix:
  - [0.6500, 0.0667, 0.0667, 0.0667, 0.1000, 0.0000, 0.0000, 0.0000, 0.0500, 0.0000, 0.0000, 0.0000, 0.0000, 0.0000, 0.0000, 0.0000]
  - [0.0667, 0.6500, 0.0667, 0.0667, 0.0000, 0.1000, 0.0000, 0.0000, 0.0000, 0.0500, 0.0000, 0.0000, 0.0000, 0.0000, 0.0000, 0.0000]
  - [0.0667, 0.0667, 0.6500, 0.0667, 0.0000, 0.0000, 0.1000, 0.0000, 0.0000, 0.0000, 0.0500, 0.0000, 0.0000, 0.0000, 0.0000, 0.0000]
  - [0.0667, 0.0667, 0.0667, 0.6500, 0.0000, 0.0000, 0.0000, 0.1000, 0.0000, 0.0000, 0.0000, 0.0500, 0.0000, 0.0000, 0.0000, 0.0000]
  - [0.0000, 0.0000, 0.0000, 0.0000, 0.6500, 0.0667, 0.0667, 0.0667, 0.1000, 0.0000, 0.0000, 0.0000, 0.0500, 0.0000, 0.0000, 0.0000]
  - [0.0000, 0.0000, 0.0000, 0.0000, 0.0667, 0.6500, 0.0667, 0.0667, 0.0000, 0.1000, 0.0000, 0.0000, 0.0000, 0.0500, 0.0000, 0.0000]
  - [0.0000, 0.0000, 0.0000, 0.0000, 0.0667, 0.0667, 0.6500, 0.0667, 0.0000, 0.0000, 0.1000, 0.0000, 0.0000, 0.0000, 0.0500, 0.0000]
  - [0.0000, 0.0000, 0.0000, 0.0000, 0.0667, 0.0667, 0.0667, 0.6500, 0.0000, 0.0000, 0.0000, 0.1000, 0.0000, 0.0000, 0.0000, 0.0500]
  - [0.0500, 0.0000, 0.0000, 0.0000, 0.0000, 0.0000, 0.0000, 0.0000, 0.6500, 0.0667, 0.0667, 0.0667, 0.1000, 0.0000, 0.0000, 0.0000]
  - [0.0000, 0.0500, 0.0000, 0.0000, 0.0000, 0.0000, 0.0000, 0.0000, 0.0667, 0.6500, 0.0667, 0.0667, 0.0000, 0.1000, 0.0000, 0.0000]
  - [0.0000, 0.0000, 0.0500, 0.0000, 0.0000, 0.0000, 0.0000, 0.0000, 0.0667, 0.0667, 0.6500, 0.0667, 0.0000, 0.0000, 0.1000, 0.0000]
  - [0.0000, 0.0000, 0.0000, 0.0500, 0.0000, 0.0000, 0.0000, 0.0000, 0.0667, 0.0667, 0.0667, 0.6500, 0.0000, 0.0000, 0.0000, 0.1000]
  - [0.1000, 0.0000, 0.0000, 0.0000, 0.0500, 0.0000, 0.0000, 0.0000, 0.0000, 0.0000, 0.0000, 0.0000, 0.6500, 0.0667, 0.0667, 0.0667]
  - [0.0000, 0.1000, 0.0000, 0.0000, 0.0000, 0.0500, 0.0000, 0.0000, 0.0000, 0.0000, 0.0000, 0.0000, 0.0667, 0.6500, 0.0667, 0.0667]
  - [0.0000, 0.0000, 0.1000, 0.0000, 0.0000, 0.0000, 0.0500, 0.0000, 0.0000, 0.0000, 0.0000, 0.0000, 0.0667, 0.0667, 0.6500, 0.0667]
  - [0.0000, 0.0000, 0.0000, 0.1000, 0.0000, 0.0000, 0.0000, 0.0500, 0.0000, 0.0000, 0.0000, 0.0000, 0.0667, 0.0667, 0.0667, 0.6500]

